subID,run,roi1,roi2,TR,ets
24,scene2,CA1,CA23,0,0.35570288936265265
24,scene2,CA1,CA23,1,-0.14127478336102312
24,scene2,CA1,CA23,2,-0.33288601393910094
24,scene2,CA1,CA23,3,0.5702763289631738
24,scene2,CA1,CA23,4,0.371624091091886
24,scene2,CA1,CA23,5,0.010514479628628302
24,scene2,CA1,CA23,6,-0.41489247417759995
24,scene2,CA1,CA23,7,0.06210240945798318
24,scene2,CA1,CA23,8,-0.005400234393366652
24,scene2,CA1,CA23,9,-0.026326788134646395
24,scene2,CA1,CA23,10,-1.1544881439780603
24,scene2,CA1,CA23,11,-0.02340928497908029
24,scene2,CA1,CA23,12,0.2946227714582028
24,scene2,CA1,CA23,13,0.43306710471934684
24,scene2,CA1,CA23,14,0.2663962714698243
24,scene2,CA1,CA23,15,-1.6950575455677837
24,scene2,CA1,CA23,16,0.07691011929447777
24,scene2,CA1,CA23,17,-0.39768370789142843
24,scene2,CA1,CA23,18,-0.001909741233033049
24,scene2,CA1,CA23,19,-0.026190069093692488
24,scene2,CA1,CA23,20,-0.10628595989551218
24,scene2,CA1,CA23,21,0.1505901954040487
24,scene2,CA1,CA23,22,0.09612788985318226
24,scene2,CA1,CA23,23,-1.7085101806419842
24,scene2,CA1,CA23,24,1.9148116950783354
24,scene2,CA1,CA23,25,1.5361902728747512
24,scene2,CA1,CA23,26,-0.07958911501438702
24,scene2,CA1,CA23,27,-1.439622676617105
24,scene2,CA1,CA23,28,0.1775750250612906
24,scene2,CA1,CA23,29,0.018963118682876184
24,scene2,CA1,CA23,30,-0.06892379715123301
24,scene2,CA1,CA23,31,-0.19829302307186616
24,scene2,CA1,CA23,32,0.04090703761674985
24,scene2,CA1,CA23,33,2.528250517212774
24,scene2,CA1,CA23,34,0.7717509721738577
24,scene2,CA1,CA23,35,0.20971758462446635
24,scene2,CA1,CA23,36,-0.0676932084586439
24,scene2,CA1,CA23,37,-1.330584172181772
24,scene2,CA1,CA23,38,0.9752291310976096
24,scene2,CA1,CA23,39,2.3677824356301227
24,scene2,CA1,CA23,40,-0.001061658455421725
24,scene2,CA1,CA23,41,-0.0019692346376188148
24,scene2,CA1,CA23,42,0.0014362331943721094
24,scene2,CA1,CA23,43,-0.0059908430314927555
24,scene2,CA1,CA23,44,-0.0063621902000078785
24,scene2,CA1,CA23,45,2.44465360394899
24,scene2,CA1,CA23,46,-1.1564133447845815
24,scene2,CA1,CA23,47,0.33174871794368394
24,scene2,CA1,CA23,48,-0.27100226969890845
24,scene2,CA1,CA23,49,-0.08717650377622503
24,scene2,CA1,CA23,50,0.8772206702225056
24,scene2,CA1,CA23,51,-0.6110879276752667
24,scene2,CA1,CA23,52,-1.5793157252395535
24,scene2,CA1,CA23,53,-0.07786522373669327
24,scene2,CA1,CA23,54,0.35697997058546604
24,scene2,CA1,CA23,55,1.415462263468025
24,scene2,CA1,CA23,56,0.8474381526384734
24,scene2,CA1,CA23,57,0.27216919914608073
24,scene2,CA1,CA23,58,1.106607052318822
24,scene2,CA1,CA23,59,-0.23468961487876858
24,scene2,CA1,CA23,60,-0.5757494276072879
24,scene2,CA1,CA23,61,0.16193721257469976
24,scene2,CA1,CA23,62,0.7589128946598741
24,scene2,CA1,CA23,63,-0.8217119889888866
24,scene2,CA1,CA23,64,-0.42280870361887196
24,scene2,CA1,CA23,65,0.27659989159732823
24,scene2,CA1,CA23,66,-0.2889241997484109
24,scene2,CA1,CA23,67,0.15920392738310896
24,scene2,CA1,CA23,68,1.7269285656153415
24,scene2,CA1,CA23,69,-0.21480502833359494
24,scene2,CA1,CA23,70,-0.3999246656653173
24,scene2,CA1,CA23,71,-0.5194982515662064
24,scene2,CA1,CA23,72,-0.5342014788748367
24,scene2,CA1,CA23,73,-0.5335449665394895
24,scene2,CA1,CA23,74,1.7560888229160105
24,scene2,CA1,CA23,75,2.737413598004825
24,scene2,CA1,CA23,76,-1.4156161400919194
24,scene2,CA1,CA23,77,1.714434968802937
24,scene2,CA1,CA23,78,-1.0564422520594017
24,scene2,CA1,CA23,79,0.3135347303254326
24,scene2,CA1,CA23,80,0.7759035538554169
24,scene2,CA1,CA23,81,0.017494223257805804
24,scene2,CA1,CA23,82,-0.9876860715771285
24,scene2,CA1,CA23,83,1.0280431461409596
24,scene2,CA1,CA23,84,-0.04093399428684657
24,scene2,CA1,CA23,85,-0.1888828132095629
24,scene2,CA1,CA23,86,1.421236019683736
24,scene2,CA1,CA23,87,0.6508229777556457
24,scene2,CA1,CA23,88,-0.9625238002432127
24,scene2,CA1,CA23,89,1.1081277579599835
24,scene2,CA1,CA23,90,-0.5855002773143781
24,scene2,CA1,CA23,91,1.1387959250409645
24,scene2,CA1,CA23,92,0.3202884521824879
24,scene2,CA1,CA23,93,0.5571859399495017
24,scene2,CA1,CA23,94,0.12220483990161443
24,scene2,CA1,CA23,95,0.015409025775643763
24,scene2,CA1,CA23,96,-0.2523607596916357
24,scene2,CA1,CA23,97,0.2670532070845627
24,scene2,CA1,CA23,98,0.37422504195960754
24,scene2,CA1,CA23,99,0.08583256365501571
24,scene2,CA1,CA23,100,-0.026190397312834623
24,scene2,CA1,CA23,101,1.5108489802053398
24,scene2,CA1,CA23,102,0.61836688992915
24,scene2,CA1,CA23,103,0.32981537032545544
24,scene2,CA1,CA23,104,0.4462320375878716
24,scene2,CA1,CA23,105,-0.11825271769084954
24,scene2,CA1,CA23,106,0.5587389878324283
24,scene2,CA1,CA23,107,0.34874436716315405
24,scene2,CA1,CA23,108,-0.13444389523761835
24,scene2,CA1,CA23,109,-0.39525124088369346
24,scene2,CA1,CA23,110,-0.004875710444545638
24,scene2,CA1,CA23,111,-3.5895631032165936
24,scene2,CA1,CA23,112,2.991367743136749
24,scene2,CA1,CA23,113,1.0035557609607502
24,scene2,CA1,CA23,114,-0.03332802871981461
24,scene2,CA1,CA23,115,-0.04216427927128517
24,scene2,CA1,CA23,116,0.5579182549698505
24,scene2,CA1,CA23,117,0.016588433589885956
24,scene2,CA1,CA23,118,-0.18631164319511792
24,scene2,CA1,CA23,119,-0.9269297294605615
24,scene2,CA1,CA23,120,-1.6792591689947918
24,scene2,CA1,CA23,121,1.16320732550849
24,scene2,CA1,CA23,122,-0.21175214931676498
24,scene2,CA1,CA23,123,-0.07030611792232018
24,scene2,CA1,CA23,124,0.3086539525824973
24,scene2,CA1,CA23,125,-0.01145291341618367
24,scene2,CA1,CA23,126,1.0544600329815845
24,scene2,CA1,CA23,127,1.130146581907671
24,scene2,CA1,CA23,128,-0.9958642339840701
24,scene2,CA1,CA23,129,-1.036439031238687
24,scene2,CA1,CA23,130,0.7620292114308836
24,scene2,CA1,CA23,131,-0.017753681580728063
24,scene2,CA1,CA23,132,-1.5367001611292772
24,scene2,CA1,CA23,133,0.0481910041831496
24,scene2,CA1,CA23,134,0.5396147431623276
24,scene2,CA1,CA23,135,2.5848708570894785
24,scene2,CA1,CA23,136,1.3832118461989555
24,scene2,CA1,CA23,137,0.24618625557212118
24,scene2,CA1,CA23,138,0.04587350485768109
24,scene2,CA1,CA23,139,0.33357630339056127
24,scene2,CA1,CA23,140,-0.21753068998836667
24,scene2,CA1,CA23,141,-2.114507600533637
24,scene2,CA1,CA23,142,-0.07553352092546035
24,scene2,CA1,CA23,143,0.012041628998283063
24,scene2,CA1,CA23,144,-0.736054166628219
24,scene2,CA1,CA23,145,-0.07045701918025812
24,scene2,CA1,CA23,146,0.9193168154503464
24,scene2,CA1,CA23,147,-0.3500977241724247
24,scene2,CA1,CA23,148,0.002511022273573268
24,scene2,CA1,CA23,149,0.019061677061994114
24,scene2,CA1,CA23,150,0.2636791682789052
24,scene2,CA1,CA23,151,0.006940940937871933
24,scene2,CA1,CA23,152,0.12438486636597414
24,scene2,CA1,CA23,153,-0.5047730184197321
24,scene2,CA1,CA23,154,0.4604811730514257
24,scene2,CA1,CA23,155,-0.0017444674818469078
24,scene2,CA1,CA23,156,1.4994722129638332
24,scene2,CA1,CA23,157,0.0514472678252535
24,scene2,CA1,CA23,158,0.6218167749696561
24,scene2,CA1,CA23,159,0.3347509328268171
24,scene2,CA1,CA23,160,-0.2779812381579885
24,scene2,CA1,CA23,161,0.007474339698652073
24,scene2,CA1,CA23,162,-0.9025491264515575
24,scene2,CA1,CA23,163,2.1633609161577687
24,scene2,CA1,CA23,164,-0.1410390092748761
24,scene2,CA1,CA23,165,0.017684373182966198
24,scene2,CA1,CA23,166,-0.5831857737311672
24,scene2,CA1,CA23,167,0.19323614847728152
24,scene2,CA1,CA23,168,-0.6383723590590699
24,scene2,CA1,CA23,169,-0.08375380791758238
24,scene2,CA1,CA23,170,-2.3724239779101084
24,scene2,CA1,CA23,171,2.032475087916357
24,scene2,CA1,CA23,172,2.2081294070376574
24,scene2,CA1,CA23,173,0.08194484592443856
24,scene2,CA1,CA23,174,-0.13087324356272048
24,scene2,CA1,CA23,175,-1.5676722572039776
24,scene2,CA1,CA23,176,-0.8787652123113174
24,scene2,CA1,CA23,177,0.43445542073044235
24,scene2,CA1,CA23,178,-0.24323737876354368
24,scene2,CA1,CA23,179,-0.4703465641304424
24,scene2,CA1,CA23,180,-1.8504298221313897
24,scene2,CA1,CA23,181,0.15389319790775993
24,scene2,CA1,CA23,182,-0.0204237854013299
24,scene2,CA1,CA23,183,-0.07111174133626641
24,scene2,CA1,CA23,184,1.678980475305003
24,scene2,CA1,CA23,185,1.966948967993311
24,scene2,CA1,CA23,186,0.9022811870875524
24,scene2,CA1,CA23,187,0.05279805696384908
24,scene2,CA1,CA23,188,0.25275062585174546
24,scene2,CA1,CA23,189,0.3850359096128584
24,scene2,CA1,CA23,190,0.9789782974434783
24,scene2,CA1,CA23,191,-0.3130974228791462
24,scene2,CA1,CA23,192,0.0790921188750104
24,scene2,CA1,CA23,193,0.18384760479125983
24,scene2,CA1,CA23,194,-0.8484735019367456
24,scene2,CA1,CA23,195,-0.043326777119621226
24,scene2,CA1,CA23,196,0.15729937154869864
24,scene2,CA1,CA23,197,0.21251409948264313
24,scene2,CA1,CA23,198,0.224598740626417
24,scene2,CA1,CA23,199,0.5796290575568895
24,scene2,CA1,CA23,200,0.7526583192223687
24,scene2,CA1,CA23,201,-1.5604721734879847
24,scene2,CA1,CA23,202,-0.020484548351019684
24,scene2,CA1,CA23,203,-2.658656562975351
24,scene2,CA1,CA23,204,0.08458024265206562
24,scene2,CA1,CA23,205,-0.5065134027643474
24,scene2,CA1,CA23,206,0.0826141107661019
24,scene2,CA1,CA23,207,-0.3445747453565703
24,scene2,CA1,CA23,208,0.059172124019254806
24,scene2,CA1,CA23,209,0.9970117124184483
24,scene2,CA1,CA23,210,0.1251019380098958
24,scene2,CA1,CA23,211,-0.0006929012929594014
24,scene2,CA1,CA23,212,-0.15867045767370375
24,scene2,CA1,CA23,213,-3.3498578558117407
24,scene2,CA1,CA23,214,-0.6951616417394072
24,scene2,CA1,CA23,215,-2.3002365953321426
24,scene2,CA1,CA23,216,-0.21831908465033423
24,scene2,CA1,CA23,217,-0.5939678852932863
24,scene2,CA1,CA23,218,0.6521753852871239
24,scene2,CA1,CA23,219,-0.40550062959060684
24,scene2,CA1,CA23,220,-0.2694840943541499
24,scene2,CA1,CA23,221,1.26603926433027
24,scene2,CA1,CA23,222,0.04653747268857178
24,scene2,CA1,CA23,223,0.40332247418962136
24,scene2,CA1,CA23,224,0.09514716892382243
24,scene2,CA1,CA23,225,0.8524797108781407
24,scene2,CA1,CA23,226,0.3439175249411563
24,scene2,CA1,CA23,227,1.5127120637607154
24,scene2,CA1,CA23,228,0.1701037701990395
24,scene2,CA1,CA23,229,1.9078608825875314
24,scene2,CA1,CA23,230,-0.14500191224177825
24,scene2,CA1,CA23,231,2.0112699734602595
24,scene2,CA1,CA23,232,-0.2502531452256576
24,scene2,CA1,CA23,233,3.6190274268413853
24,scene2,CA1,CA23,234,-1.1699881372613978
24,scene2,CA1,CA23,235,-0.34940694483020507
24,scene2,CA1,CA23,236,-0.061031329067916806
24,scene2,CA1,CA23,237,-0.5139592302824532
24,scene2,CA1,CA23,238,0.2952416127852829
24,scene2,CA1,CA23,239,0.006793144556884203
24,scene2,CA1,CA23,240,-0.11717503462241112
24,scene2,CA1,CA23,241,-1.659249737557436
24,scene2,CA1,CA23,242,-0.22074200708526057
24,scene2,CA1,CA23,243,-0.7130515672542952
24,scene2,CA1,CA23,244,-0.7295029302689621
24,scene2,CA1,CA23,245,0.0012099245792279833
24,scene2,CA1,CA23,246,0.2779202233258729
24,scene2,CA1,CA23,247,2.0630366014213095
24,scene2,CA1,CA23,248,0.6608720401667795
24,scene2,CA1,CA23,249,0.5109989687334904
24,scene2,CA1,CA23,250,0.22647342828315206
24,scene2,CA1,CA23,251,-0.8504287846073119
24,scene2,CA1,CA23,252,-1.6562859245194244
24,scene2,CA1,CA23,253,-0.040733892270341035
24,scene2,CA1,DG,0,0.25228073327220557
24,scene2,CA1,DG,1,-1.8485396162979202
24,scene2,CA1,DG,2,4.567137221958772
24,scene2,CA1,DG,3,1.1974784349949223
24,scene2,CA1,DG,4,0.05184802777792057
24,scene2,CA1,DG,5,-0.13211204350576278
24,scene2,CA1,DG,6,0.018314531827169113
24,scene2,CA1,DG,7,-0.060124968665177636
24,scene2,CA1,DG,8,0.004221370772722161
24,scene2,CA1,DG,9,-0.16343270708593663
24,scene2,CA1,DG,10,-1.78102232998869
24,scene2,CA1,DG,11,-0.012734523082310009
24,scene2,CA1,DG,12,0.7204962928007723
24,scene2,CA1,DG,13,-0.03049632630763325
24,scene2,CA1,DG,14,-0.15775872558830425
24,scene2,CA1,DG,15,-3.325191723877106
24,scene2,CA1,DG,16,-0.06498101807101542
24,scene2,CA1,DG,17,0.5432525625052832
24,scene2,CA1,DG,18,0.32858997193571776
24,scene2,CA1,DG,19,-0.007890710761216436
24,scene2,CA1,DG,20,0.5577704009850314
24,scene2,CA1,DG,21,0.1545600682014035
24,scene2,CA1,DG,22,0.5858314577372599
24,scene2,CA1,DG,23,1.810633817367251
24,scene2,CA1,DG,24,-2.809163358067623
24,scene2,CA1,DG,25,-0.9501834378818038
24,scene2,CA1,DG,26,-0.11788155860076117
24,scene2,CA1,DG,27,0.5236372361018221
24,scene2,CA1,DG,28,-0.024581514947838567
24,scene2,CA1,DG,29,0.005171284077661303
24,scene2,CA1,DG,30,-0.05655416822760264
24,scene2,CA1,DG,31,5.4569191139543785
24,scene2,CA1,DG,32,0.051922314866657805
24,scene2,CA1,DG,33,1.3401997055629864
24,scene2,CA1,DG,34,-0.10362795913774793
24,scene2,CA1,DG,35,0.3164769253763418
24,scene2,CA1,DG,36,0.2023926465230957
24,scene2,CA1,DG,37,-0.1444792242241957
24,scene2,CA1,DG,38,0.7322943207307108
24,scene2,CA1,DG,39,1.772391864328398
24,scene2,CA1,DG,40,-0.000306189935763131
24,scene2,CA1,DG,41,0.007360864535595677
24,scene2,CA1,DG,42,0.0046404234666714795
24,scene2,CA1,DG,43,-7.403960737519833e-05
24,scene2,CA1,DG,44,0.0017596379320824725
24,scene2,CA1,DG,45,1.8604253109561213
24,scene2,CA1,DG,46,0.4188188262635441
24,scene2,CA1,DG,47,0.23664108938302184
24,scene2,CA1,DG,48,-0.3804010972135198
24,scene2,CA1,DG,49,-0.14781775598840624
24,scene2,CA1,DG,50,0.95627288271746
24,scene2,CA1,DG,51,0.24524585852444544
24,scene2,CA1,DG,52,0.022031794683231937
24,scene2,CA1,DG,53,0.06755638277322021
24,scene2,CA1,DG,54,-0.399475085407263
24,scene2,CA1,DG,55,0.4302632965779035
24,scene2,CA1,DG,56,-0.5272799522609768
24,scene2,CA1,DG,57,2.471822570723997
24,scene2,CA1,DG,58,1.3760306458971698
24,scene2,CA1,DG,59,0.5053351796800645
24,scene2,CA1,DG,60,-0.3911750321831475
24,scene2,CA1,DG,61,-1.3017255913931896
24,scene2,CA1,DG,62,0.6570827691996788
24,scene2,CA1,DG,63,-0.3185788346993303
24,scene2,CA1,DG,64,0.24194433736386567
24,scene2,CA1,DG,65,-0.0010818297084496367
24,scene2,CA1,DG,66,0.05602824283980795
24,scene2,CA1,DG,67,-0.2284793521739895
24,scene2,CA1,DG,68,0.6570700303444428
24,scene2,CA1,DG,69,0.20436625736843825
24,scene2,CA1,DG,70,-0.15146087815156453
24,scene2,CA1,DG,71,0.0084839895060059
24,scene2,CA1,DG,72,-0.7029752790510619
24,scene2,CA1,DG,73,1.0178176966151038
24,scene2,CA1,DG,74,-0.5513628678172733
24,scene2,CA1,DG,75,0.8220011451645642
24,scene2,CA1,DG,76,1.5858830796030379
24,scene2,CA1,DG,77,0.36033702263827605
24,scene2,CA1,DG,78,0.684715088934388
24,scene2,CA1,DG,79,0.5459721580943233
24,scene2,CA1,DG,80,1.8330673571282834
24,scene2,CA1,DG,81,-0.018007015584579584
24,scene2,CA1,DG,82,0.15388319076538265
24,scene2,CA1,DG,83,0.9599487518118441
24,scene2,CA1,DG,84,-0.013414655945191948
24,scene2,CA1,DG,85,0.07033915132576561
24,scene2,CA1,DG,86,0.20092771117031863
24,scene2,CA1,DG,87,0.8241477094431373
24,scene2,CA1,DG,88,-0.3880315594783093
24,scene2,CA1,DG,89,1.4931026342508154
24,scene2,CA1,DG,90,-0.06762064101388036
24,scene2,CA1,DG,91,0.6701303709845315
24,scene2,CA1,DG,92,0.11849415874860669
24,scene2,CA1,DG,93,0.36128456020976646
24,scene2,CA1,DG,94,0.02094986342702534
24,scene2,CA1,DG,95,0.010788657856172527
24,scene2,CA1,DG,96,-0.24387502632070057
24,scene2,CA1,DG,97,0.1655954971903456
24,scene2,CA1,DG,98,0.31142448754329677
24,scene2,CA1,DG,99,0.2967343651273356
24,scene2,CA1,DG,100,-0.8613973739647462
24,scene2,CA1,DG,101,-2.799368000902137
24,scene2,CA1,DG,102,0.5467254289712817
24,scene2,CA1,DG,103,0.1241725960469262
24,scene2,CA1,DG,104,0.31909876534396464
24,scene2,CA1,DG,105,5.251266348756186
24,scene2,CA1,DG,106,2.868365385408596
24,scene2,CA1,DG,107,-0.3735915893430425
24,scene2,CA1,DG,108,-0.23757916884495286
24,scene2,CA1,DG,109,0.22372323096442273
24,scene2,CA1,DG,110,0.007572661727826644
24,scene2,CA1,DG,111,2.216647699170811
24,scene2,CA1,DG,112,1.1764737528143676
24,scene2,CA1,DG,113,-0.17783619886474877
24,scene2,CA1,DG,114,-0.02980857561862502
24,scene2,CA1,DG,115,0.9450505632935993
24,scene2,CA1,DG,116,-0.09874887765413103
24,scene2,CA1,DG,117,-0.010105507608223964
24,scene2,CA1,DG,118,-0.49316824465571124
24,scene2,CA1,DG,119,3.126632758325742
24,scene2,CA1,DG,120,4.994774298923958
24,scene2,CA1,DG,121,-1.6701480088396554
24,scene2,CA1,DG,122,-0.9786904919053764
24,scene2,CA1,DG,123,0.14983059077108277
24,scene2,CA1,DG,124,-2.471105323285839
24,scene2,CA1,DG,125,0.2591373989525642
24,scene2,CA1,DG,126,0.08371878658305465
24,scene2,CA1,DG,127,0.8028206797130463
24,scene2,CA1,DG,128,1.165515059496444
24,scene2,CA1,DG,129,0.28214294661422024
24,scene2,CA1,DG,130,0.4454591846697558
24,scene2,CA1,DG,131,0.6396106266867015
24,scene2,CA1,DG,132,1.3713620091461227
24,scene2,CA1,DG,133,0.03732926543856144
24,scene2,CA1,DG,134,-0.13540286975091567
24,scene2,CA1,DG,135,-0.9966998116214338
24,scene2,CA1,DG,136,-0.42496150096750773
24,scene2,CA1,DG,137,1.035404490869096
24,scene2,CA1,DG,138,0.10036744608403768
24,scene2,CA1,DG,139,0.11785147970123705
24,scene2,CA1,DG,140,-0.19476837283097306
24,scene2,CA1,DG,141,-0.857146676157627
24,scene2,CA1,DG,142,0.30559735264069
24,scene2,CA1,DG,143,0.10632463580127806
24,scene2,CA1,DG,144,0.9863570741913017
24,scene2,CA1,DG,145,-0.12277452594979468
24,scene2,CA1,DG,146,0.15272982801206073
24,scene2,CA1,DG,147,0.22362535280491103
24,scene2,CA1,DG,148,0.07952155308409951
24,scene2,CA1,DG,149,-0.23928606702706276
24,scene2,CA1,DG,150,0.2641845362105292
24,scene2,CA1,DG,151,0.0015799989156210848
24,scene2,CA1,DG,152,0.5822624083667437
24,scene2,CA1,DG,153,1.358646552069237
24,scene2,CA1,DG,154,-0.15005577556551733
24,scene2,CA1,DG,155,-6.015987205732145e-05
24,scene2,CA1,DG,156,0.7657604128437467
24,scene2,CA1,DG,157,-0.005627404330556781
24,scene2,CA1,DG,158,0.021088116456047287
24,scene2,CA1,DG,159,1.646357412541659
24,scene2,CA1,DG,160,0.06316515522910619
24,scene2,CA1,DG,161,0.22850149710833273
24,scene2,CA1,DG,162,-0.4633567685205649
24,scene2,CA1,DG,163,5.663052043141797
24,scene2,CA1,DG,164,-0.08991825298275118
24,scene2,CA1,DG,165,-0.06122535005385994
24,scene2,CA1,DG,166,0.1201638425801728
24,scene2,CA1,DG,167,-0.01761949791586787
24,scene2,CA1,DG,168,0.26076666683922745
24,scene2,CA1,DG,169,0.1741013844264734
24,scene2,CA1,DG,170,-2.288046210159611
24,scene2,CA1,DG,171,-1.6159781900567847
24,scene2,CA1,DG,172,0.6533736771172555
24,scene2,CA1,DG,173,-0.006772554878264642
24,scene2,CA1,DG,174,-0.17482189110795618
24,scene2,CA1,DG,175,1.921454523930371
24,scene2,CA1,DG,176,0.32849332315824314
24,scene2,CA1,DG,177,-0.3959799206599614
24,scene2,CA1,DG,178,1.0749825402209112
24,scene2,CA1,DG,179,-0.4601695575996522
24,scene2,CA1,DG,180,1.0426097425794718
24,scene2,CA1,DG,181,-0.10895264288413174
24,scene2,CA1,DG,182,0.0627316833269341
24,scene2,CA1,DG,183,0.4104717851399101
24,scene2,CA1,DG,184,2.279110199636494
24,scene2,CA1,DG,185,1.5923913093713842
24,scene2,CA1,DG,186,-1.2203839740620073
24,scene2,CA1,DG,187,-0.32093847153292665
24,scene2,CA1,DG,188,0.8776915336743597
24,scene2,CA1,DG,189,0.8775625670992152
24,scene2,CA1,DG,190,0.47164243956447593
24,scene2,CA1,DG,191,-0.3793576598609602
24,scene2,CA1,DG,192,-0.11448373034688158
24,scene2,CA1,DG,193,0.893174488890473
24,scene2,CA1,DG,194,-0.8117749555472422
24,scene2,CA1,DG,195,0.04545304672580779
24,scene2,CA1,DG,196,-0.5813865431849552
24,scene2,CA1,DG,197,-0.18766459840025992
24,scene2,CA1,DG,198,-0.35494366011638556
24,scene2,CA1,DG,199,0.14703314489955158
24,scene2,CA1,DG,200,0.1631643269094092
24,scene2,CA1,DG,201,1.5296915743247934
24,scene2,CA1,DG,202,-0.005320750378419759
24,scene2,CA1,DG,203,-2.167662885088977
24,scene2,CA1,DG,204,0.08840500885642238
24,scene2,CA1,DG,205,1.8125929087129737
24,scene2,CA1,DG,206,-1.1725269858116485
24,scene2,CA1,DG,207,-0.4217704573394594
24,scene2,CA1,DG,208,2.06901354366476
24,scene2,CA1,DG,209,-0.2740106128499909
24,scene2,CA1,DG,210,-0.04356073430427589
24,scene2,CA1,DG,211,-0.010537323979957259
24,scene2,CA1,DG,212,0.23856578290693095
24,scene2,CA1,DG,213,0.25580672398218185
24,scene2,CA1,DG,214,0.9839712270892281
24,scene2,CA1,DG,215,0.46180056294659255
24,scene2,CA1,DG,216,-0.061336217961491364
24,scene2,CA1,DG,217,0.16874926403847412
24,scene2,CA1,DG,218,1.4942294245406573
24,scene2,CA1,DG,219,-0.45915284561216824
24,scene2,CA1,DG,220,-1.016783858118823
24,scene2,CA1,DG,221,-0.7314102597471878
24,scene2,CA1,DG,222,-0.11835518317462194
24,scene2,CA1,DG,223,-0.5257274721708143
24,scene2,CA1,DG,224,0.10579521281466371
24,scene2,CA1,DG,225,1.22101922069749
24,scene2,CA1,DG,226,0.9212373997572498
24,scene2,CA1,DG,227,0.7068037233609481
24,scene2,CA1,DG,228,-2.454956088142381
24,scene2,CA1,DG,229,1.076308575516376
24,scene2,CA1,DG,230,0.2929682069926304
24,scene2,CA1,DG,231,0.396086113894111
24,scene2,CA1,DG,232,-1.6641459235616323
24,scene2,CA1,DG,233,0.713127144636591
24,scene2,CA1,DG,234,-0.21418322340805818
24,scene2,CA1,DG,235,0.08153438655117035
24,scene2,CA1,DG,236,-0.014724033306941626
24,scene2,CA1,DG,237,1.5536584997451446
24,scene2,CA1,DG,238,0.1814259480162326
24,scene2,CA1,DG,239,-0.0010305876862216575
24,scene2,CA1,DG,240,0.08820840834798568
24,scene2,CA1,DG,241,-2.256648786496297
24,scene2,CA1,DG,242,-0.15777507199252144
24,scene2,CA1,DG,243,-1.2665354063925562
24,scene2,CA1,DG,244,0.276475803747487
24,scene2,CA1,DG,245,-0.06749368539322767
24,scene2,CA1,DG,246,-0.3889982186383494
24,scene2,CA1,DG,247,2.691379917965249
24,scene2,CA1,DG,248,0.2921902789529137
24,scene2,CA1,DG,249,1.0456344241019149
24,scene2,CA1,DG,250,0.011639826351343023
24,scene2,CA1,DG,251,-1.2871768283529397
24,scene2,CA1,DG,252,0.011914641641927428
24,scene2,CA1,DG,253,0.008030992880102398
24,scene2,CA1,EC,0,0.21417986501343958
24,scene2,CA1,EC,1,-0.6179239097465078
24,scene2,CA1,EC,2,1.6773343820752742
24,scene2,CA1,EC,3,0.5502797827730049
24,scene2,CA1,EC,4,0.2384894178085864
24,scene2,CA1,EC,5,0.3506919015204481
24,scene2,CA1,EC,6,-0.13241212059514954
24,scene2,CA1,EC,7,0.33656643394938146
24,scene2,CA1,EC,8,-0.023044097467133987
24,scene2,CA1,EC,9,0.052171203491361645
24,scene2,CA1,EC,10,1.0424417916416915
24,scene2,CA1,EC,11,0.15036942007030646
24,scene2,CA1,EC,12,0.037098630793983775
24,scene2,CA1,EC,13,0.17199425178250335
24,scene2,CA1,EC,14,-2.1858085143327486
24,scene2,CA1,EC,15,2.2502621692307683
24,scene2,CA1,EC,16,0.12367669727686545
24,scene2,CA1,EC,17,-0.7651451192667584
24,scene2,CA1,EC,18,-0.32083254015037377
24,scene2,CA1,EC,19,-0.05989593962202628
24,scene2,CA1,EC,20,0.12020572464961822
24,scene2,CA1,EC,21,0.03238912251052697
24,scene2,CA1,EC,22,1.0086556446158637
24,scene2,CA1,EC,23,1.4863575776832498
24,scene2,CA1,EC,24,0.19331123605714776
24,scene2,CA1,EC,25,1.3100750538211658
24,scene2,CA1,EC,26,-0.3533126070123373
24,scene2,CA1,EC,27,0.6602114077570491
24,scene2,CA1,EC,28,0.7378041968693033
24,scene2,CA1,EC,29,0.008701181309626002
24,scene2,CA1,EC,30,-0.040890129398818316
24,scene2,CA1,EC,31,2.5521240548726474
24,scene2,CA1,EC,32,-0.06451589404193965
24,scene2,CA1,EC,33,1.3409942827920884
24,scene2,CA1,EC,34,-0.08867189148347822
24,scene2,CA1,EC,35,0.7391655732755086
24,scene2,CA1,EC,36,0.1630320966490009
24,scene2,CA1,EC,37,-0.2618942698719787
24,scene2,CA1,EC,38,0.833969023064092
24,scene2,CA1,EC,39,4.093466289701865
24,scene2,CA1,EC,40,0.000653481609745858
24,scene2,CA1,EC,41,0.007386788481580458
24,scene2,CA1,EC,42,0.0036211700942324412
24,scene2,CA1,EC,43,0.004824766371917296
24,scene2,CA1,EC,44,0.009631617486802186
24,scene2,CA1,EC,45,2.5433059391159354
24,scene2,CA1,EC,46,0.9042377664408427
24,scene2,CA1,EC,47,0.021727958177912923
24,scene2,CA1,EC,48,0.19321941468515869
24,scene2,CA1,EC,49,-0.24436835763689202
24,scene2,CA1,EC,50,-1.3153073585600015
24,scene2,CA1,EC,51,0.49582600469429433
24,scene2,CA1,EC,52,-0.898809938435247
24,scene2,CA1,EC,53,0.03463129919321745
24,scene2,CA1,EC,54,-0.920203800209578
24,scene2,CA1,EC,55,1.1317855195497557
24,scene2,CA1,EC,56,0.057515017015901386
24,scene2,CA1,EC,57,-1.5461486629965462
24,scene2,CA1,EC,58,0.9547993876776951
24,scene2,CA1,EC,59,-0.03460226160498049
24,scene2,CA1,EC,60,0.684580347632241
24,scene2,CA1,EC,61,2.014826310017235
24,scene2,CA1,EC,62,0.374953209822053
24,scene2,CA1,EC,63,0.06594538474920415
24,scene2,CA1,EC,64,-0.17758062074215084
24,scene2,CA1,EC,65,0.24586968053216868
24,scene2,CA1,EC,66,0.07561481916814722
24,scene2,CA1,EC,67,0.18889608326139115
24,scene2,CA1,EC,68,1.491664314470633
24,scene2,CA1,EC,69,0.02929820645095951
24,scene2,CA1,EC,70,-0.6737524225073099
24,scene2,CA1,EC,71,-0.19920263297204371
24,scene2,CA1,EC,72,0.15231206758954566
24,scene2,CA1,EC,73,0.4428443157684633
24,scene2,CA1,EC,74,-0.2907445890522731
24,scene2,CA1,EC,75,-0.850289525260709
24,scene2,CA1,EC,76,-0.9043272101481625
24,scene2,CA1,EC,77,-1.2470142644213742
24,scene2,CA1,EC,78,0.22394109402928009
24,scene2,CA1,EC,79,-0.4179476507142949
24,scene2,CA1,EC,80,-0.9307057197297952
24,scene2,CA1,EC,81,0.00471987723194601
24,scene2,CA1,EC,82,-0.8459867989594183
24,scene2,CA1,EC,83,-0.07600177560373439
24,scene2,CA1,EC,84,0.06204061725293528
24,scene2,CA1,EC,85,-0.06095482056291768
24,scene2,CA1,EC,86,-0.37823990217755843
24,scene2,CA1,EC,87,0.41483296590914637
24,scene2,CA1,EC,88,0.2354810444833225
24,scene2,CA1,EC,89,-2.1083603889005063
24,scene2,CA1,EC,90,0.1179705364643122
24,scene2,CA1,EC,91,0.9729730331036108
24,scene2,CA1,EC,92,1.041080230256745
24,scene2,CA1,EC,93,-0.45081973374590945
24,scene2,CA1,EC,94,-0.3505699442685966
24,scene2,CA1,EC,95,-0.004820056508243394
24,scene2,CA1,EC,96,0.3960404904483569
24,scene2,CA1,EC,97,-0.2799650664029237
24,scene2,CA1,EC,98,-1.4675916786445549
24,scene2,CA1,EC,99,0.3257467822973729
24,scene2,CA1,EC,100,1.6696644353462882
24,scene2,CA1,EC,101,0.22862418421741512
24,scene2,CA1,EC,102,0.4621092303536711
24,scene2,CA1,EC,103,-0.22950984176187167
24,scene2,CA1,EC,104,-0.053144566002039526
24,scene2,CA1,EC,105,-3.360324832895375
24,scene2,CA1,EC,106,-1.7504180506679348
24,scene2,CA1,EC,107,-0.1917645102288551
24,scene2,CA1,EC,108,-0.29957459480358134
24,scene2,CA1,EC,109,1.4234681726008036
24,scene2,CA1,EC,110,-0.013300007150090068
24,scene2,CA1,EC,111,-2.3092878328356177
24,scene2,CA1,EC,112,-1.4333796736126236
24,scene2,CA1,EC,113,0.1129965946634285
24,scene2,CA1,EC,114,-0.026491591350203843
24,scene2,CA1,EC,115,-0.33393308893306184
24,scene2,CA1,EC,116,0.5200143168650702
24,scene2,CA1,EC,117,0.17951341226183695
24,scene2,CA1,EC,118,-0.4002233699940882
24,scene2,CA1,EC,119,1.3411780741818253
24,scene2,CA1,EC,120,1.3263138114263697
24,scene2,CA1,EC,121,0.08175466000625961
24,scene2,CA1,EC,122,0.279912624197959
24,scene2,CA1,EC,123,0.1156899551933458
24,scene2,CA1,EC,124,-0.4135916827033016
24,scene2,CA1,EC,125,0.32762266322167904
24,scene2,CA1,EC,126,1.1693409391705665
24,scene2,CA1,EC,127,0.2674612883326996
24,scene2,CA1,EC,128,0.08811287914650902
24,scene2,CA1,EC,129,1.2125441206790668
24,scene2,CA1,EC,130,-0.15944917795638075
24,scene2,CA1,EC,131,-1.1041087830261216
24,scene2,CA1,EC,132,2.8267710321836357
24,scene2,CA1,EC,133,0.40675219226694714
24,scene2,CA1,EC,134,0.3679139758840268
24,scene2,CA1,EC,135,-0.3032828821159008
24,scene2,CA1,EC,136,0.27877134236662854
24,scene2,CA1,EC,137,-0.23090403598702314
24,scene2,CA1,EC,138,0.43144974389296203
24,scene2,CA1,EC,139,0.3693049065762579
24,scene2,CA1,EC,140,0.38819777820841334
24,scene2,CA1,EC,141,-2.417662254857401
24,scene2,CA1,EC,142,0.49654825015630993
24,scene2,CA1,EC,143,0.14787993542903977
24,scene2,CA1,EC,144,-0.4234915681479788
24,scene2,CA1,EC,145,0.15191387760864897
24,scene2,CA1,EC,146,-1.2729552173644891
24,scene2,CA1,EC,147,0.08970573419624234
24,scene2,CA1,EC,148,-0.058879033250084846
24,scene2,CA1,EC,149,0.2231992250992328
24,scene2,CA1,EC,150,-0.010477903254167866
24,scene2,CA1,EC,151,0.004761975378148521
24,scene2,CA1,EC,152,1.1095247024409358
24,scene2,CA1,EC,153,-0.3672274973630511
24,scene2,CA1,EC,154,1.7459147421607422
24,scene2,CA1,EC,155,0.0013963790256049046
24,scene2,CA1,EC,156,-0.45199709710652713
24,scene2,CA1,EC,157,0.03085228632587913
24,scene2,CA1,EC,158,-1.8433660874036188
24,scene2,CA1,EC,159,-0.2960699149611393
24,scene2,CA1,EC,160,-0.06209125077803419
24,scene2,CA1,EC,161,0.154883297833496
24,scene2,CA1,EC,162,-1.079104310254351
24,scene2,CA1,EC,163,3.225774464694797
24,scene2,CA1,EC,164,-0.43278473246105637
24,scene2,CA1,EC,165,0.00909104484456687
24,scene2,CA1,EC,166,0.10416928842332521
24,scene2,CA1,EC,167,-0.18715050755662455
24,scene2,CA1,EC,168,-0.4249668562910559
24,scene2,CA1,EC,169,-0.044634527947073226
24,scene2,CA1,EC,170,-0.9243962614830703
24,scene2,CA1,EC,171,-1.2039262532230754
24,scene2,CA1,EC,172,1.1521800468174157
24,scene2,CA1,EC,173,0.06417779149436187
24,scene2,CA1,EC,174,-0.05519562391057994
24,scene2,CA1,EC,175,1.328656121723189
24,scene2,CA1,EC,176,0.3702980084716912
24,scene2,CA1,EC,177,0.1436238243906188
24,scene2,CA1,EC,178,1.3003398740976162
24,scene2,CA1,EC,179,-0.24396943639769098
24,scene2,CA1,EC,180,-1.741584314642421
24,scene2,CA1,EC,181,0.25061092363547666
24,scene2,CA1,EC,182,0.4108190698231881
24,scene2,CA1,EC,183,-0.2612358432518065
24,scene2,CA1,EC,184,-0.17301934471352287
24,scene2,CA1,EC,185,-0.12424112104169771
24,scene2,CA1,EC,186,2.6578679746436973
24,scene2,CA1,EC,187,-0.09637272622438248
24,scene2,CA1,EC,188,-0.4135727420173152
24,scene2,CA1,EC,189,-0.16248933557808265
24,scene2,CA1,EC,190,0.21215554512590784
24,scene2,CA1,EC,191,0.25177331066450187
24,scene2,CA1,EC,192,-0.06558600231167254
24,scene2,CA1,EC,193,0.20456194474400988
24,scene2,CA1,EC,194,3.852928493187588
24,scene2,CA1,EC,195,-0.022586652722738944
24,scene2,CA1,EC,196,-0.27840403889282983
24,scene2,CA1,EC,197,-0.017393453357340275
24,scene2,CA1,EC,198,-0.023277454920304176
24,scene2,CA1,EC,199,0.1583155452640577
24,scene2,CA1,EC,200,0.3972764141891897
24,scene2,CA1,EC,201,2.0131462835147125
24,scene2,CA1,EC,202,-0.06966223467617594
24,scene2,CA1,EC,203,-2.005286035129247
24,scene2,CA1,EC,204,0.08792586019816594
24,scene2,CA1,EC,205,1.899640704145319
24,scene2,CA1,EC,206,1.9679758082092804
24,scene2,CA1,EC,207,0.09279821977114615
24,scene2,CA1,EC,208,0.8840586979314059
24,scene2,CA1,EC,209,1.1251813520218386
24,scene2,CA1,EC,210,0.011369806508821086
24,scene2,CA1,EC,211,-0.003157908824117034
24,scene2,CA1,EC,212,-0.05933085337702109
24,scene2,CA1,EC,213,-3.869705589872586
24,scene2,CA1,EC,214,0.49073082296331394
24,scene2,CA1,EC,215,-0.044976088825911774
24,scene2,CA1,EC,216,0.07778460430747886
24,scene2,CA1,EC,217,0.2009937360187041
24,scene2,CA1,EC,218,-0.6264760480013287
24,scene2,CA1,EC,219,-0.5439723183765157
24,scene2,CA1,EC,220,-1.0338967536133001
24,scene2,CA1,EC,221,-2.588400762222594
24,scene2,CA1,EC,222,-0.02221164626553333
24,scene2,CA1,EC,223,-0.044345336274416336
24,scene2,CA1,EC,224,-0.10225858492665353
24,scene2,CA1,EC,225,1.378328897694446
24,scene2,CA1,EC,226,-0.4865854944288275
24,scene2,CA1,EC,227,0.26641585188552946
24,scene2,CA1,EC,228,2.3805955816249362
24,scene2,CA1,EC,229,0.8810272720919804
24,scene2,CA1,EC,230,-0.30860865657866066
24,scene2,CA1,EC,231,2.991218312823284
24,scene2,CA1,EC,232,0.3191677995507016
24,scene2,CA1,EC,233,0.08220330802380169
24,scene2,CA1,EC,234,0.12953330460763265
24,scene2,CA1,EC,235,0.05735765414410796
24,scene2,CA1,EC,236,0.06918122065829332
24,scene2,CA1,EC,237,0.953744271455755
24,scene2,CA1,EC,238,-0.06270120625906134
24,scene2,CA1,EC,239,0.006465605392946358
24,scene2,CA1,EC,240,-0.15464094642366932
24,scene2,CA1,EC,241,1.45412713553843
24,scene2,CA1,EC,242,0.16630691935723713
24,scene2,CA1,EC,243,-0.34133588467851356
24,scene2,CA1,EC,244,0.12797034463833631
24,scene2,CA1,EC,245,0.25973635709966025
24,scene2,CA1,EC,246,0.27034167815420024
24,scene2,CA1,EC,247,2.0202742394955244
24,scene2,CA1,EC,248,0.9912292423271045
24,scene2,CA1,EC,249,1.8240909741625912
24,scene2,CA1,EC,250,0.04753374711852206
24,scene2,CA1,EC,251,-0.05364465407648046
24,scene2,CA1,EC,252,0.9939137833325326
24,scene2,CA1,EC,253,-0.08223600740873686
24,scene2,CA23,DG,0,0.32324831769678225
24,scene2,CA23,DG,1,0.19285919479832647
24,scene2,CA23,DG,2,-0.6826063968922116
24,scene2,CA23,DG,3,0.6989772557017856
24,scene2,CA23,DG,4,0.1000099358402197
24,scene2,CA23,DG,5,-0.03613386965071091
24,scene2,CA23,DG,6,-0.09712345038438351
24,scene2,CA23,DG,7,-0.019300252969895848
24,scene2,CA23,DG,8,-0.03846740155258944
24,scene2,CA23,DG,9,0.18209790716631347
24,scene2,CA23,DG,10,2.025167419435685
24,scene2,CA23,DG,11,0.00972830357658449
24,scene2,CA23,DG,12,2.251148277729225
24,scene2,CA23,DG,13,-0.12877001514490138
24,scene2,CA23,DG,14,-0.02034041984997977
24,scene2,CA23,DG,15,2.070887355197656
24,scene2,CA23,DG,16,-0.5982019618784925
24,scene2,CA23,DG,17,-0.46865514347742504
24,scene2,CA23,DG,18,-0.007455894876189114
24,scene2,CA23,DG,19,0.20196791975512984
24,scene2,CA23,DG,20,-0.431806206682783
24,scene2,CA23,DG,21,1.014548920052416
24,scene2,CA23,DG,22,0.07275657548023642
24,scene2,CA23,DG,23,-2.4877811035265287
24,scene2,CA23,DG,24,-0.7912146516383133
24,scene2,CA23,DG,25,-0.9529093731590809
24,scene2,CA23,DG,26,0.11768332550265387
24,scene2,CA23,DG,27,-0.272200559803969
24,scene2,CA23,DG,28,-0.04549530563270421
24,scene2,CA23,DG,29,0.8792063995813407
24,scene2,CA23,DG,30,0.7908511266114814
24,scene2,CA23,DG,31,-0.5127957307541721
24,scene2,CA23,DG,32,0.028872388442483726
24,scene2,CA23,DG,33,2.562147197803116
24,scene2,CA23,DG,34,-0.1534652695381761
24,scene2,CA23,DG,35,0.1507352956659721
24,scene2,CA23,DG,36,-0.43261836545518073
24,scene2,CA23,DG,37,0.4673408670321179
24,scene2,CA23,DG,38,0.32021242974461406
24,scene2,CA23,DG,39,0.9407774113802325
24,scene2,CA23,DG,40,0.0013159865346292568
24,scene2,CA23,DG,41,-0.0015127195384133864
24,scene2,CA23,DG,42,0.0014091004056514514
24,scene2,CA23,DG,43,0.00013140247876676208
24,scene2,CA23,DG,44,-0.0017311572090233337
24,scene2,CA23,DG,45,1.8567382660293656
24,scene2,CA23,DG,46,-1.0914638073346337
24,scene2,CA23,DG,47,2.9080657196904416
24,scene2,CA23,DG,48,1.2186640110806557
24,scene2,CA23,DG,49,1.3010186171564537
24,scene2,CA23,DG,50,0.7459603004380136
24,scene2,CA23,DG,51,-0.9346919401143449
24,scene2,CA23,DG,52,-0.012560117737376088
24,scene2,CA23,DG,53,-0.3809894311933967
24,scene2,CA23,DG,54,-0.11893740536071297
24,scene2,CA23,DG,55,0.3718552991515239
24,scene2,CA23,DG,56,-0.5724777566919043
24,scene2,CA23,DG,57,0.5143191385297211
24,scene2,CA23,DG,58,1.4781028977374022
24,scene2,CA23,DG,59,-1.0728747912261396
24,scene2,CA23,DG,60,0.5685630016192976
24,scene2,CA23,DG,61,-0.06733771865858879
24,scene2,CA23,DG,62,0.4022188839190867
24,scene2,CA23,DG,63,2.248179063328472
24,scene2,CA23,DG,64,-0.9882095814456214
24,scene2,CA23,DG,65,-0.005910635423094198
24,scene2,CA23,DG,66,-0.36581991561274246
24,scene2,CA23,DG,67,-0.10730920135534247
24,scene2,CA23,DG,68,0.2570381224955264
24,scene2,CA23,DG,69,-0.07907097139836002
24,scene2,CA23,DG,70,0.31412269618051286
24,scene2,CA23,DG,71,-0.06140577432973678
24,scene2,CA23,DG,72,1.7876668116217251
24,scene2,CA23,DG,73,-1.190546078223046
24,scene2,CA23,DG,74,-0.34984060280679263
24,scene2,CA23,DG,75,1.3971760020105253
24,scene2,CA23,DG,76,-1.1885974863599762
24,scene2,CA23,DG,77,0.33178235841623915
24,scene2,CA23,DG,78,-1.335278565705935
24,scene2,CA23,DG,79,0.20133645699819602
24,scene2,CA23,DG,80,1.9778953672998076
24,scene2,CA23,DG,81,-0.419105520689011
24,scene2,CA23,DG,82,-0.2560513345855975
24,scene2,CA23,DG,83,1.7244877815949666
24,scene2,CA23,DG,84,0.213827907608999
24,scene2,CA23,DG,85,-1.4504637953433903
24,scene2,CA23,DG,86,0.32226282470203194
24,scene2,CA23,DG,87,0.6886716373422338
24,scene2,CA23,DG,88,0.7499208145463799
24,scene2,CA23,DG,89,0.537143558784609
24,scene2,CA23,DG,90,0.07165961910243683
24,scene2,CA23,DG,91,1.0757337044687902
24,scene2,CA23,DG,92,0.046574051132500204
24,scene2,CA23,DG,93,0.4762616058398479
24,scene2,CA23,DG,94,0.0799378043951834
24,scene2,CA23,DG,95,0.4111810030950458
24,scene2,CA23,DG,96,0.07315464801344747
24,scene2,CA23,DG,97,1.7220146873032844
24,scene2,CA23,DG,98,0.20950339665258422
24,scene2,CA23,DG,99,0.09739889674724383
24,scene2,CA23,DG,100,0.017896898139773798
24,scene2,CA23,DG,101,-1.8071495117956646
24,scene2,CA23,DG,102,2.060162418136077
24,scene2,CA23,DG,103,0.15589621247777385
24,scene2,CA23,DG,104,0.1717485878258568
24,scene2,CA23,DG,105,-0.08386056464840694
24,scene2,CA23,DG,106,0.3399215787237714
24,scene2,CA23,DG,107,-0.5444658912521512
24,scene2,CA23,DG,108,0.34959139463656697
24,scene2,CA23,DG,109,-0.3507624752883215
24,scene2,CA23,DG,110,-0.04902181088103843
24,scene2,CA23,DG,111,-2.493299054456028
24,scene2,CA23,DG,112,1.7325411965377058
24,scene2,CA23,DG,113,-0.47094406309527087
24,scene2,CA23,DG,114,0.562817983854794
24,scene2,CA23,DG,115,-0.11885218783120181
24,scene2,CA23,DG,116,-0.09649961140629666
24,scene2,CA23,DG,117,-0.000816563021057099
24,scene2,CA23,DG,118,1.379361887977827
24,scene2,CA23,DG,119,-1.1447196342323749
24,scene2,CA23,DG,120,-1.996135334278452
24,scene2,CA23,DG,121,-1.4447346013456934
24,scene2,CA23,DG,122,0.23442718592297762
24,scene2,CA23,DG,123,-0.012367950470493523
24,scene2,CA23,DG,124,-0.5521529779490619
24,scene2,CA23,DG,125,-0.00769303612145688
24,scene2,CA23,DG,126,0.03616455168057419
24,scene2,CA23,DG,127,1.344672063052409
24,scene2,CA23,DG,128,-1.4681395201044218
24,scene2,CA23,DG,129,-0.23074847661795825
24,scene2,CA23,DG,130,0.4703671494856232
24,scene2,CA23,DG,131,-0.02756869456143105
24,scene2,CA23,DG,132,-0.6721790689310209
24,scene2,CA23,DG,133,0.010841404427443658
24,scene2,CA23,DG,134,-1.2093776799166052
24,scene2,CA23,DG,135,-0.3371806759697627
24,scene2,CA23,DG,136,-0.41929471934830387
24,scene2,CA23,DG,137,0.9317060534153195
24,scene2,CA23,DG,138,0.07746698560971678
24,scene2,CA23,DG,139,0.16104999531015993
24,scene2,CA23,DG,140,0.47739739191806085
24,scene2,CA23,DG,141,1.559637694516507
24,scene2,CA23,DG,142,-0.3079234649320658
24,scene2,CA23,DG,143,0.07379582294905242
24,scene2,CA23,DG,144,-1.4729505295342973
24,scene2,CA23,DG,145,0.06002203927099364
24,scene2,CA23,DG,146,0.28746791663483606
24,scene2,CA23,DG,147,-3.175428429117378
24,scene2,CA23,DG,148,0.01731254324484382
24,scene2,CA23,DG,149,-0.0513119543858353
24,scene2,CA23,DG,150,0.04657660236989046
24,scene2,CA23,DG,151,0.2918847128429796
24,scene2,CA23,DG,152,0.05098572528629232
24,scene2,CA23,DG,153,-0.39153403057239783
24,scene2,CA23,DG,154,-0.12050093926636622
24,scene2,CA23,DG,155,0.0002282502200781982
24,scene2,CA23,DG,156,1.878887956044541
24,scene2,CA23,DG,157,-0.05445897271579551
24,scene2,CA23,DG,158,0.029106867003550533
24,scene2,CA23,DG,159,0.9714590361329368
24,scene2,CA23,DG,160,-0.1000384672228511
24,scene2,CA23,DG,161,0.03663918599243572
24,scene2,CA23,DG,162,1.4853711579954578
24,scene2,CA23,DG,163,1.996417752842581
24,scene2,CA23,DG,164,0.09924057269057665
24,scene2,CA23,DG,165,-0.06397484579979845
24,scene2,CA23,DG,166,-0.49038144847049225
24,scene2,CA23,DG,167,-0.21578835083086473
24,scene2,CA23,DG,168,-0.2479704489773294
24,scene2,CA23,DG,169,-0.9368009983676441
24,scene2,CA23,DG,170,3.9333388594574568
24,scene2,CA23,DG,171,-0.9763860691533972
24,scene2,CA23,DG,172,0.8086498617078645
24,scene2,CA23,DG,173,-0.012982599382408247
24,scene2,CA23,DG,174,0.9620933951741911
24,scene2,CA23,DG,175,-0.9056736636050404
24,scene2,CA23,DG,176,-0.7338535634230037
24,scene2,CA23,DG,177,-0.6206850754445731
24,scene2,CA23,DG,178,-0.4699416630983066
24,scene2,CA23,DG,179,0.5270724936997692
24,scene2,CA23,DG,180,-0.3381457156811479
24,scene2,CA23,DG,181,-1.2175485260347878
24,scene2,CA23,DG,182,-0.040346971183880746
24,scene2,CA23,DG,183,-0.4124711933994244
24,scene2,CA23,DG,184,3.1550055427910233
24,scene2,CA23,DG,185,2.0447379484000994
24,scene2,CA23,DG,186,-0.5686110928821905
24,scene2,CA23,DG,187,-0.35339120557289827
24,scene2,CA23,DG,188,1.0267770808620398
24,scene2,CA23,DG,189,0.5418054977019733
24,scene2,CA23,DG,190,1.6833948526197573
24,scene2,CA23,DG,191,0.9350141764061964
24,scene2,CA23,DG,192,-0.2141652717157704
24,scene2,CA23,DG,193,0.7376590062046031
24,scene2,CA23,DG,194,0.44875724643724524
24,scene2,CA23,DG,195,-0.4164993186057633
24,scene2,CA23,DG,196,-0.2998918466165851
24,scene2,CA23,DG,197,-0.29068059653547185
24,scene2,CA23,DG,198,-0.35836106007042245
24,scene2,CA23,DG,199,0.4994365986294929
24,scene2,CA23,DG,200,0.29534916840824066
24,scene2,CA23,DG,201,-1.6837352813546271
24,scene2,CA23,DG,202,0.023848259897325225
24,scene2,CA23,DG,203,1.3507428735525269
24,scene2,CA23,DG,204,2.7992835725063143
24,scene2,CA23,DG,205,-0.22263697347209577
24,scene2,CA23,DG,206,-0.08885977922399664
24,scene2,CA23,DG,207,0.4540341079938164
24,scene2,CA23,DG,208,0.018166792133540884
24,scene2,CA23,DG,209,-0.27307051978543184
24,scene2,CA23,DG,210,-0.21239551354486877
24,scene2,CA23,DG,211,0.05227499144758477
24,scene2,CA23,DG,212,-0.4867537189340872
24,scene2,CA23,DG,213,-0.1146874990460659
24,scene2,CA23,DG,214,-0.35592743408312305
24,scene2,CA23,DG,215,-0.36642619494183143
24,scene2,CA23,DG,216,0.08170511499220433
24,scene2,CA23,DG,217,-1.0058258687040103
24,scene2,CA23,DG,218,0.22936234893147014
24,scene2,CA23,DG,219,1.2556329429889297
24,scene2,CA23,DG,220,0.3297530140120181
24,scene2,CA23,DG,221,-0.49836935426926715
24,scene2,CA23,DG,222,-0.764731633330379
24,scene2,CA23,DG,223,-0.7901705674752909
24,scene2,CA23,DG,224,1.6949290570652356
24,scene2,CA23,DG,225,0.6768064560659262
24,scene2,CA23,DG,226,0.35725675743156465
24,scene2,CA23,DG,227,1.3172743038117174
24,scene2,CA23,DG,228,-0.33846172803108443
24,scene2,CA23,DG,229,0.797564958538986
24,scene2,CA23,DG,230,-0.02699243233904854
24,scene2,CA23,DG,231,0.34179809999918265
24,scene2,CA23,DG,232,0.31615171085045357
24,scene2,CA23,DG,233,0.8057788051945124
24,scene2,CA23,DG,234,0.822873873699759
24,scene2,CA23,DG,235,-0.15549605346142661
24,scene2,CA23,DG,236,0.11648860238274353
24,scene2,CA23,DG,237,-0.3634751221629923
24,scene2,CA23,DG,238,0.8817036159330888
24,scene2,CA23,DG,239,-0.026120738050565303
24,scene2,CA23,DG,240,-0.2948698755633714
24,scene2,CA23,DG,241,0.7585802075674978
24,scene2,CA23,DG,242,0.878472589352696
24,scene2,CA23,DG,243,1.385006936241858
24,scene2,CA23,DG,244,-0.5870749330494206
24,scene2,CA23,DG,245,-0.001253419786012282
24,scene2,CA23,DG,246,-0.4342980932831827
24,scene2,CA23,DG,247,1.4830133609389147
24,scene2,CA23,DG,248,0.07464982086445744
24,scene2,CA23,DG,249,0.28591822516465853
24,scene2,CA23,DG,250,0.18985408098184192
24,scene2,CA23,DG,251,2.495982459723031
24,scene2,CA23,DG,252,-0.028862563392730224
24,scene2,CA23,DG,253,-0.010619287732143736
24,scene2,CA23,EC,0,0.2744295220333651
24,scene2,CA23,EC,1,0.06446835471073768
24,scene2,CA23,EC,2,-0.2506951561312564
24,scene2,CA23,EC,3,0.3212024878197332
24,scene2,CA23,EC,4,0.4600235032231087
24,scene2,CA23,EC,5,0.0959174888286931
24,scene2,CA23,EC,6,0.7021922343565491
24,scene2,CA23,EC,7,0.10803859795042128
24,scene2,CA23,EC,8,0.2099902137034092
24,scene2,CA23,EC,9,-0.058129533185357844
24,scene2,CA23,EC,10,-1.1853412040624571
24,scene2,CA23,EC,11,-0.11487193965755825
24,scene2,CA23,EC,12,0.11591248928338616
24,scene2,CA23,EC,13,0.7262416523043747
24,scene2,CA23,EC,14,-0.28182442985254935
24,scene2,CA23,EC,15,-1.401434822141965
24,scene2,CA23,EC,16,1.1385423796964718
24,scene2,CA23,EC,17,0.6600782405835902
24,scene2,CA23,EC,18,0.007279874300880601
24,scene2,CA23,EC,19,1.5330758778661175
24,scene2,CA23,EC,20,-0.0930590398680903
24,scene2,CA23,EC,21,0.21260568558808476
24,scene2,CA23,EC,22,0.12526867509729003
24,scene2,CA23,EC,23,-2.0422308803557723
24,scene2,CA23,EC,24,0.05444705871428572
24,scene2,CA23,EC,25,1.3138334647371177
24,scene2,CA23,EC,26,0.3527184661346651
24,scene2,CA23,EC,27,-0.3431954459890441
24,scene2,CA23,EC,28,1.3655231382153812
24,scene2,CA23,EC,29,1.4793490700670389
24,scene2,CA23,EC,30,0.5718058618102241
24,scene2,CA23,EC,31,-0.239827326072523
24,scene2,CA23,EC,32,-0.035875287114542034
24,scene2,CA23,EC,33,2.563666242921938
24,scene2,CA23,EC,34,-0.1313164501182863
24,scene2,CA23,EC,35,0.3520583407504268
24,scene2,CA23,EC,36,-0.34848439595345343
24,scene2,CA23,EC,37,0.8471383744612943
24,scene2,CA23,EC,38,0.3646720173121447
24,scene2,CA23,EC,39,2.172792990706498
24,scene2,CA23,EC,40,-0.002808625949478223
24,scene2,CA23,EC,41,-0.0015180471272331932
24,scene2,CA23,EC,42,0.0010995962513688142
24,scene2,CA23,EC,43,-0.008562798793998223
24,scene2,CA23,EC,44,-0.009475724376491404
24,scene2,CA23,EC,45,2.538265541522556
24,scene2,CA23,EC,46,-2.3564910013721496
24,scene2,CA23,EC,47,0.26701335131949216
24,scene2,CA23,EC,48,-0.619003332649965
24,scene2,CA23,EC,49,2.1508091541754895
24,scene2,CA23,EC,50,-1.0260325165464763
24,scene2,CA23,EC,51,-1.8897141549106293
24,scene2,CA23,EC,52,0.5124030435370054
24,scene2,CA23,EC,53,-0.19530588287125558
24,scene2,CA23,EC,54,-0.27397616621926435
24,scene2,CA23,EC,55,0.9781462799519463
24,scene2,CA23,EC,56,0.06244513521929466
24,scene2,CA23,EC,57,-0.32171154103441396
24,scene2,CA23,EC,58,1.02562522563888
24,scene2,CA23,EC,59,0.07346390215480232
24,scene2,CA23,EC,60,-0.9950201962714575
24,scene2,CA23,EC,61,0.1042261196268381
24,scene2,CA23,EC,62,0.22951942836698422
24,scene2,CA23,EC,63,-0.4653700031774684
24,scene2,CA23,EC,64,0.725319190391035
24,scene2,CA23,EC,65,1.3433223656807571
24,scene2,CA23,EC,66,-0.4937046990078194
24,scene2,CA23,EC,67,0.08871824802136219
24,scene2,CA23,EC,68,0.5835216599121377
24,scene2,CA23,EC,69,-0.011335714976325838
24,scene2,CA23,EC,70,1.3973306513142125
24,scene2,CA23,EC,71,1.4417971542175307
24,scene2,CA23,EC,72,-0.3873297345631666
24,scene2,CA23,EC,73,-0.5179970491325493
24,scene2,CA23,EC,74,-0.18447789692389924
24,scene2,CA23,EC,75,-1.4452584725016986
24,scene2,CA23,EC,76,0.6777807662202243
24,scene2,CA23,EC,77,-1.1481954604585414
24,scene2,CA23,EC,78,-0.43671265270844445
24,scene2,CA23,EC,79,-0.15412525704469726
24,scene2,CA23,EC,80,-1.0042394373640946
24,scene2,CA23,EC,81,0.10985310672896409
24,scene2,CA23,EC,82,1.4076654366078187
24,scene2,CA23,EC,83,-0.13653242754968628
24,scene2,CA23,EC,84,-0.9889195390598662
24,scene2,CA23,EC,85,1.256949489889265
24,scene2,CA23,EC,86,-0.6066493197020322
24,scene2,CA23,EC,87,0.34664137821752666
24,scene2,CA23,EC,88,-0.4550973558093718
24,scene2,CA23,EC,89,-0.7584824890907539
24,scene2,CA23,EC,90,-0.12501691172385465
24,scene2,CA23,EC,91,1.5618750180074168
24,scene2,CA23,EC,92,0.4091958995200922
24,scene2,CA23,EC,93,-0.594290910780846
24,scene2,CA23,EC,94,-1.3376598720745219
24,scene2,CA23,EC,95,-0.183703635471247
24,scene2,CA23,EC,96,-0.11879938308945018
24,scene2,CA23,EC,97,-2.9113349363812357
24,scene2,CA23,EC,98,-0.9872873003679768
24,scene2,CA23,EC,99,0.10692181608663286
24,scene2,CA23,EC,100,-0.03468992967723907
24,scene2,CA23,EC,101,0.14758977124838094
24,scene2,CA23,EC,102,1.7413129497922584
24,scene2,CA23,EC,103,-0.2881450190791489
24,scene2,CA23,EC,104,-0.028604009644567448
24,scene2,CA23,EC,105,0.053663006058608444
24,scene2,CA23,EC,106,-0.2074369151979126
24,scene2,CA23,EC,107,-0.2794742653491974
24,scene2,CA23,EC,108,0.4408160063200478
24,scene2,CA23,EC,109,-2.2317718976399097
24,scene2,CA23,EC,110,0.08609792153165352
24,scene2,CA23,EC,111,2.59750125030228
24,scene2,CA23,EC,112,-2.1108752565646807
24,scene2,CA23,EC,113,0.29923646449054236
24,scene2,CA23,EC,114,0.5001897515529318
24,scene2,CA23,EC,115,0.04199635421686489
24,scene2,CA23,EC,116,0.508169618686201
24,scene2,CA23,EC,117,0.014505358851791128
24,scene2,CA23,EC,118,1.1194006695084169
24,scene2,CA23,EC,119,-0.4910307647835213
24,scene2,CA23,EC,120,-0.5300543537873302
24,scene2,CA23,EC,121,0.0707205502189931
24,scene2,CA23,EC,122,-0.06704788627024671
24,scene2,CA23,EC,123,-0.009549769699240008
24,scene2,CA23,EC,124,-0.09241446615311906
24,scene2,CA23,EC,125,-0.009726164546529418
24,scene2,CA23,EC,126,0.5051278518578611
24,scene2,CA23,EC,127,0.44798014233706085
24,scene2,CA23,EC,128,-0.11099127295795301
24,scene2,CA23,EC,129,-0.9916700454019238
24,scene2,CA23,EC,130,-0.16836481972814227
24,scene2,CA23,EC,131,0.047589637400990606
24,scene2,CA23,EC,132,-1.3855541482277685
24,scene2,CA23,EC,133,0.11813157763238415
24,scene2,CA23,EC,134,3.2860969001767346
24,scene2,CA23,EC,135,-0.10259972562404585
24,scene2,CA23,EC,136,0.27505397899303485
24,scene2,CA23,EC,137,-0.2077783996344838
24,scene2,CA23,EC,138,0.33300748804036423
24,scene2,CA23,EC,139,0.5046737947024782
24,scene2,CA23,EC,140,-0.9515128363572338
24,scene2,CA23,EC,141,4.399103782550233
24,scene2,CA23,EC,142,-0.5003278214712087
24,scene2,CA23,EC,143,0.10263775135835025
24,scene2,CA23,EC,144,0.6324100529904997
24,scene2,CA23,EC,145,-0.07426769239869746
24,scene2,CA23,EC,146,-2.3959549294871048
24,scene2,CA23,EC,147,-1.2738007343474127
24,scene2,CA23,EC,148,-0.012818484672685688
24,scene2,CA23,EC,149,0.04786232896690275
24,scene2,CA23,EC,150,-0.0018472887949454008
24,scene2,CA23,EC,151,0.8797144112404932
24,scene2,CA23,EC,152,0.0971553733576729
24,scene2,CA23,EC,153,0.10582742212136628
24,scene2,CA23,EC,154,1.4020411111567448
24,scene2,CA23,EC,155,-0.005297947103398316
24,scene2,CA23,EC,156,-1.1090308243628655
24,scene2,CA23,EC,157,0.29857172517666297
24,scene2,CA23,EC,158,-2.544305540835834
24,scene2,CA23,EC,159,-0.17470070109022037
24,scene2,CA23,EC,160,0.09833765995277674
24,scene2,CA23,EC,161,0.024834839282268907
24,scene2,CA23,EC,162,3.4592575911605694
24,scene2,CA23,EC,163,1.1371948127833433
24,scene2,CA23,EC,164,0.4776539053690489
24,scene2,CA23,EC,165,0.009499303663900434
24,scene2,CA23,EC,166,-0.4251086304025984
24,scene2,CA23,EC,167,-2.292057331919387
24,scene2,CA23,EC,168,0.40411308482133435
24,scene2,CA23,EC,169,0.24016851146950804
24,scene2,CA23,EC,170,1.589112894959808
24,scene2,CA23,EC,171,-0.7274212171723369
24,scene2,CA23,EC,172,1.4259990387617922
24,scene2,CA23,EC,173,0.12302514652085333
24,scene2,CA23,EC,174,0.30375684000635356
24,scene2,CA23,EC,175,-0.6262593480333187
24,scene2,CA23,EC,176,-0.8272451641718341
24,scene2,CA23,EC,177,0.2251254662836318
24,scene2,CA23,EC,178,-0.5684593564662894
24,scene2,CA23,EC,179,0.2794395611465703
24,scene2,CA23,EC,180,0.5648415226169191
24,scene2,CA23,EC,181,2.800583378276469
24,scene2,CA23,EC,182,-0.2642254167732207
24,scene2,CA23,EC,183,0.26250832316781536
24,scene2,CA23,EC,184,-0.23951320636812554
24,scene2,CA23,EC,185,-0.15953398731246213
24,scene2,CA23,EC,186,1.238375172011181
24,scene2,CA23,EC,187,-0.10611776687946022
24,scene2,CA23,EC,188,-0.48382261475727134
24,scene2,CA23,EC,189,-0.10032061374854963
24,scene2,CA23,EC,190,0.7572294659265258
24,scene2,CA23,EC,191,-0.6205532130241214
24,scene2,CA23,EC,192,-0.12269205382521062
24,scene2,CA23,EC,193,0.1689445486229637
24,scene2,CA23,EC,194,-2.129937083556458
24,scene2,CA23,EC,195,0.2069679844643812
24,scene2,CA23,EC,196,-0.14360686931573077
24,scene2,CA23,EC,197,-0.026941359429656676
24,scene2,CA23,EC,198,-0.023501570413305684
24,scene2,CA23,EC,199,0.5377602274022749
24,scene2,CA23,EC,200,0.7191232347260005
24,scene2,CA23,EC,201,-2.2158750698341527
24,scene2,CA23,EC,202,0.3122347337180121
24,scene2,CA23,EC,203,1.2495604551876847
24,scene2,CA23,EC,204,2.7841116610366368
24,scene2,CA23,EC,205,-0.23332887104563102
24,scene2,CA23,EC,206,0.14914274720474047
24,scene2,CA23,EC,207,-0.09989688989358383
24,scene2,CA23,EC,208,0.0077623999361170586
24,scene2,CA23,EC,209,1.121321008167252
24,scene2,CA23,EC,210,0.055437446840968456
24,scene2,CA23,EC,211,0.015666184041314823
24,scene2,CA23,EC,212,0.12105471780948783
24,scene2,CA23,EC,213,1.7349303772717928
24,scene2,CA23,EC,214,-0.1775098273549342
24,scene2,CA23,EC,215,0.03568730403161211
24,scene2,CA23,EC,216,-0.10361577956364662
24,scene2,CA23,EC,217,-1.1980182567728703
24,scene2,CA23,EC,218,-0.09616329029463538
24,scene2,CA23,EC,219,1.4875864748632066
24,scene2,CA23,EC,220,0.3353028944735518
24,scene2,CA23,EC,221,-1.7636881616957831
24,scene2,CA23,EC,222,-0.1435167271258137
24,scene2,CA23,EC,223,-0.0666512240346709
24,scene2,CA23,EC,224,-1.6382692781212032
24,scene2,CA23,EC,225,0.7640026305310317
24,scene2,CA23,EC,226,-0.18869832683593188
24,scene2,CA23,EC,227,0.49652080799480763
24,scene2,CA23,EC,228,0.3282097379222897
24,scene2,CA23,EC,229,0.6528578288067957
24,scene2,CA23,EC,230,0.028433454836120524
24,scene2,CA23,EC,231,2.581238524002091
24,scene2,CA23,EC,232,-0.06063497464234956
24,scene2,CA23,EC,233,0.09288341331644313
24,scene2,CA23,EC,234,-0.49765602758037175
24,scene2,CA23,EC,235,-0.10938806597406366
24,scene2,CA23,EC,236,-0.5473244686167242
24,scene2,CA23,EC,237,-0.2231264564487625
24,scene2,CA23,EC,238,-0.3047187069240747
24,scene2,CA23,EC,239,0.16387386252075817
24,scene2,CA23,EC,240,0.5169456912662981
24,scene2,CA23,EC,241,-0.4888098098857987
24,scene2,CA23,EC,242,-0.9259768874131591
24,scene2,CA23,EC,243,0.37326439156922
24,scene2,CA23,EC,244,-0.2717351048176325
24,scene2,CA23,EC,245,0.004823542932034535
24,scene2,CA23,EC,246,0.30182368384185254
24,scene2,CA23,EC,247,1.1132184162976477
24,scene2,CA23,EC,248,0.25324280342418404
24,scene2,CA23,EC,249,0.4987793456775177
24,scene2,CA23,EC,250,0.7753101809606484
24,scene2,CA23,EC,251,0.10402309355128551
24,scene2,CA23,EC,252,-2.4077014181773477
24,scene2,CA23,EC,253,0.10873970848358491
24,scene2,DG,EC,0,0.19463794959374725
24,scene2,DG,EC,1,0.8435497464243445
24,scene2,DG,EC,2,3.439493192829931
24,scene2,DG,EC,3,0.6744678551363961
24,scene2,DG,EC,4,0.0641812841130117
24,scene2,DG,EC,5,-1.205181416928853
24,scene2,DG,EC,6,-0.030996758980518378
24,scene2,DG,EC,7,-0.10459847489160143
24,scene2,DG,EC,8,-0.16414964353660536
24,scene2,DG,EC,9,-0.36085932402906173
24,scene2,DG,EC,10,-1.828619171277549
24,scene2,DG,EC,11,-0.062489707327078314
24,scene2,DG,EC,12,0.28346253890913825
24,scene2,DG,EC,13,-0.051141502472744876
24,scene2,DG,EC,14,0.16689521459096252
24,scene2,DG,EC,15,-2.74919248867076
24,scene2,DG,EC,16,-0.9619493979251365
24,scene2,DG,EC,17,-0.9016944585240905
24,scene2,DG,EC,18,-1.2525747734015196
24,scene2,DG,EC,19,0.4618948611385265
24,scene2,DG,EC,20,0.48835780411198426
24,scene2,DG,EC,21,0.21821041653032522
24,scene2,DG,EC,22,0.7634239204995011
24,scene2,DG,EC,23,2.1643021719978313
24,scene2,DG,EC,24,-0.07987766248130768
24,scene2,DG,EC,25,-0.8126485503595292
24,scene2,DG,EC,26,0.5224207170504163
24,scene2,DG,EC,27,0.12483126148215884
24,scene2,DG,EC,28,-0.18902786257287696
24,scene2,DG,EC,29,0.4034217377044026
24,scene2,DG,EC,30,0.46918490041093464
24,scene2,DG,EC,31,6.599921164242924
24,scene2,DG,EC,32,-0.04553563548024528
24,scene2,DG,EC,33,1.3589732190437813
24,scene2,DG,EC,34,0.017632703057880058
24,scene2,DG,EC,35,0.5312780110132601
24,scene2,DG,EC,36,1.0419166231736736
24,scene2,DG,EC,37,0.09198508272650165
24,scene2,DG,EC,38,0.2738302606963107
24,scene2,DG,EC,39,1.6264334770154305
24,scene2,DG,EC,40,-0.0008100279281549083
24,scene2,DG,EC,41,0.005674356447297415
24,scene2,DG,EC,42,0.0035527602820422085
24,scene2,DG,EC,43,-0.00010582588417151001
24,scene2,DG,EC,44,0.0026207710745290453
24,scene2,DG,EC,45,1.9316656771937672
24,scene2,DG,EC,46,0.8534515791835114
24,scene2,DG,EC,47,0.19046442960717744
24,scene2,DG,EC,48,-0.8688840399030077
24,scene2,DG,EC,49,3.6469434877273543
24,scene2,DG,EC,50,-1.1184951582489244
24,scene2,DG,EC,51,0.7583926130727452
24,scene2,DG,EC,52,-0.0071481328716321724
24,scene2,DG,EC,53,0.16944867487608115
24,scene2,DG,EC,54,0.3065904572194816
24,scene2,DG,EC,55,0.2973307405005534
24,scene2,DG,EC,56,-0.038853652995024586
24,scene2,DG,EC,57,-2.9217628257944446
24,scene2,DG,EC,58,1.2753323220984627
24,scene2,DG,EC,59,-0.1581829439473598
24,scene2,DG,EC,60,-0.6760355089138821
24,scene2,DG,EC,61,-0.8378173555832843
24,scene2,DG,EC,62,0.19872275545416324
24,scene2,DG,EC,63,-0.18042457126459993
24,scene2,DG,EC,64,-0.415050280172666
24,scene2,DG,EC,65,-0.005253964615915009
24,scene2,DG,EC,66,0.09573932121729979
24,scene2,DG,EC,67,-0.12732278761662494
24,scene2,DG,EC,68,0.22202110870086228
24,scene2,DG,EC,69,0.010784838987611121
24,scene2,DG,EC,70,0.5292019864892828
24,scene2,DG,EC,71,-0.023546165726819182
24,scene2,DG,EC,72,-0.5097013748685478
24,scene2,DG,EC,73,0.9881576932888004
24,scene2,DG,EC,74,0.057920909790862646
24,scene2,DG,EC,75,-0.43398780524838
24,scene2,DG,EC,76,-0.7593026233504524
24,scene2,DG,EC,77,-0.24132576688942445
24,scene2,DG,EC,78,0.2830478828872338
24,scene2,DG,EC,79,-0.2683852570915967
24,scene2,DG,EC,80,-2.3725094726348166
24,scene2,DG,EC,81,-0.1130731313835448
24,scene2,DG,EC,82,-0.21931669904939124
24,scene2,DG,EC,83,-0.12748894236603528
24,scene2,DG,EC,84,-0.3240830904749679
24,scene2,DG,EC,85,-0.4680826109894507
24,scene2,DG,EC,86,-0.08576524771577679
24,scene2,DG,EC,87,0.43895760847498544
24,scene2,DG,EC,88,-0.18346781310191376
24,scene2,DG,EC,89,-1.0219870356640017
24,scene2,DG,EC,90,-0.014438462347309207
24,scene2,DG,EC,91,0.919093458479957
24,scene2,DG,EC,92,0.15138642541313518
24,scene2,DG,EC,93,-0.38534376936643217
24,scene2,DG,EC,94,-0.22931818129572462
24,scene2,DG,EC,95,-0.12862043966251474
24,scene2,DG,EC,96,-0.11480470542735854
24,scene2,DG,EC,97,-1.805273044801949
24,scene2,DG,EC,98,-0.8216057374596775
24,scene2,DG,EC,99,0.3696426608233403
24,scene2,DG,EC,100,-1.1409454377521737
24,scene2,DG,EC,101,-0.2734608741881213
24,scene2,DG,EC,102,1.5395715471724223
24,scene2,DG,EC,103,-0.10848407404949706
24,scene2,DG,EC,104,-0.020454614175188957
24,scene2,DG,EC,105,-2.3830212395234924
24,scene2,DG,EC,106,-1.0649066561792875
24,scene2,DG,EC,107,0.29938615445347044
24,scene2,DG,EC,108,0.7789769867197706
24,scene2,DG,EC,109,1.2632451667938602
24,scene2,DG,EC,110,-0.1337221401155073
24,scene2,DG,EC,111,-1.6040239451192158
24,scene2,DG,EC,112,-0.8301852356706764
24,scene2,DG,EC,113,-0.05302652575655505
24,scene2,DG,EC,114,0.447369514656064
24,scene2,DG,EC,115,-0.9412867691528307
24,scene2,DG,EC,116,-0.08994360563789375
24,scene2,DG,EC,117,-0.008836519339967519
24,scene2,DG,EC,118,2.9630615337858814
24,scene2,DG,EC,119,1.6562990976795744
24,scene2,DG,EC,120,1.576589196124208
24,scene2,DG,EC,121,-0.1015414737700894
24,scene2,DG,EC,122,-0.3098864828846781
24,scene2,DG,EC,123,0.020351680309611615
24,scene2,DG,EC,124,0.7398767368726752
24,scene2,DG,EC,125,0.2200674091197425
24,scene2,DG,EC,126,0.04010459335027605
24,scene2,DG,EC,127,0.3182310402265751
24,scene2,DG,EC,128,0.12989923293825606
24,scene2,DG,EC,129,0.2699557815227835
24,scene2,DG,EC,130,-0.09842097152987052
24,scene2,DG,EC,131,-1.714508490164789
24,scene2,DG,EC,132,1.236478246412137
24,scene2,DG,EC,133,0.09150597902787025
24,scene2,DG,EC,134,-0.8245641102316372
24,scene2,DG,EC,135,0.03956140668359797
24,scene2,DG,EC,136,-0.08450430212925811
24,scene2,DG,EC,137,-0.8738696138303048
24,scene2,DG,EC,138,0.7285929253752167
24,scene2,DG,EC,139,0.17829969595438686
24,scene2,DG,EC,140,-0.8519469453942031
24,scene2,DG,EC,141,1.7832412540554468
24,scene2,DG,EC,142,2.0242516940918476
24,scene2,DG,EC,143,0.906266214828137
24,scene2,DG,EC,144,-0.8474676971320613
24,scene2,DG,EC,145,-0.1294147954841402
24,scene2,DG,EC,146,-0.39804970186034766
24,scene2,DG,EC,147,0.8136417890031841
24,scene2,DG,EC,148,-0.40594853342584175
24,scene2,DG,EC,149,-0.6008279554835507
24,scene2,DG,EC,150,-0.001850829311716245
24,scene2,DG,EC,151,0.20025351436607575
24,scene2,DG,EC,152,0.4547974631460766
24,scene2,DG,EC,153,-0.2848449836516646
24,scene2,DG,EC,154,-0.45687940923888687
24,scene2,DG,EC,155,-0.0001827055094024792
24,scene2,DG,EC,156,-0.5663672154630534
24,scene2,DG,EC,157,-0.03265836827230355
24,scene2,DG,EC,158,-0.08628685121518427
24,scene2,DG,EC,159,-0.8592053554184078
24,scene2,DG,EC,160,-0.022345081980870724
24,scene2,DG,EC,161,0.7592373621266736
24,scene2,DG,EC,162,1.7759370342777965
24,scene2,DG,EC,163,2.976846516863538
24,scene2,DG,EC,164,0.3045242938247445
24,scene2,DG,EC,165,-0.03288769050917907
24,scene2,DG,EC,166,0.08759247712156713
24,scene2,DG,EC,167,0.20899246699460733
24,scene2,DG,EC,168,-0.16507485115787476
24,scene2,DG,EC,169,-0.4992450060734348
24,scene2,DG,EC,170,1.5325944142713956
24,scene2,DG,EC,171,0.5783573087432754
24,scene2,DG,EC,172,0.4219454858723208
24,scene2,DG,EC,173,-0.010167748158161372
24,scene2,DG,EC,174,0.40576166496124205
24,scene2,DG,EC,175,0.7675895595540503
24,scene2,DG,EC,176,0.3092344908950744
24,scene2,DG,EC,177,-0.20518828865721395
24,scene2,DG,EC,178,2.5122943115602485
24,scene2,DG,EC,179,0.27339325730249436
24,scene2,DG,EC,180,-0.3182553952872942
24,scene2,DG,EC,181,-1.9827449479832104
24,scene2,DG,EC,182,0.8115687100230478
24,scene2,DG,EC,183,-1.5152527276086378
24,scene2,DG,EC,184,-0.3251240854853131
24,scene2,DG,EC,185,-0.1291546141153334
24,scene2,DG,EC,186,-1.6749692173866408
24,scene2,DG,EC,187,0.6450478646988934
24,scene2,DG,EC,188,-1.6801027152420631
24,scene2,DG,EC,189,-0.22864780436366341
24,scene2,DG,EC,190,0.36481049023490897
24,scene2,DG,EC,191,-0.7518797585341292
24,scene2,DG,EC,192,0.1775934720882599
24,scene2,DG,EC,193,0.8207719705593952
24,scene2,DG,EC,194,-2.0378121147870174
24,scene2,DG,EC,195,-0.21712497660818442
24,scene2,DG,EC,196,0.5307783528126693
24,scene2,DG,EC,197,0.023791077439247812
24,scene2,DG,EC,198,0.037140606388602934
24,scene2,DG,EC,199,0.1364123768572352
24,scene2,DG,EC,200,0.1558944551097414
24,scene2,DG,EC,201,2.1721665286124154
24,scene2,DG,EC,202,0.08110127932126009
24,scene2,DG,EC,203,1.0187949278992094
24,scene2,DG,EC,204,2.9100107582299746
24,scene2,DG,EC,205,0.8349833484111786
24,scene2,DG,EC,206,-2.116755772276581
24,scene2,DG,EC,207,-0.1222769732982205
24,scene2,DG,EC,208,0.27142021459196763
24,scene2,DG,EC,209,-0.3081747714920757
24,scene2,DG,EC,210,-0.01930342511685009
24,scene2,DG,EC,211,0.23824411709193155
24,scene2,DG,EC,212,-0.1820093919952449
24,scene2,DG,EC,213,-0.13248528004765875
24,scene2,DG,EC,214,0.25125748049876945
24,scene2,DG,EC,215,-0.007164661724488817
24,scene2,DG,EC,216,-0.02911060226248499
24,scene2,DG,EC,217,0.3403630131202359
24,scene2,DG,EC,218,-0.22032419677358545
24,scene2,DG,EC,219,1.68441061045257
24,scene2,DG,EC,220,1.2651231661679572
24,scene2,DG,EC,221,1.0189096442765913
24,scene2,DG,EC,222,0.3649950791541191
24,scene2,DG,EC,223,0.08687931313335141
24,scene2,DG,EC,224,-1.8216101318298186
24,scene2,DG,EC,225,1.09429219797019
24,scene2,DG,EC,226,-0.5054582664335603
24,scene2,DG,EC,227,0.2319957407786162
24,scene2,DG,EC,228,-4.736758587755806
24,scene2,DG,EC,229,0.36830593160689634
24,scene2,DG,EC,230,-0.057448196048990305
24,scene2,DG,EC,231,0.5083319243546399
24,scene2,DG,EC,232,-0.40321349721834965
24,scene2,DG,EC,233,0.018302619878254506
24,scene2,DG,EC,234,-0.09110312210951876
24,scene2,DG,EC,235,0.025525791593948938
24,scene2,DG,EC,236,-0.13204404735556002
24,scene2,DG,EC,237,0.6744938025320057
24,scene2,DG,EC,238,-0.18724962162493838
24,scene2,DG,EC,239,-0.02486129706106783
24,scene2,DG,EC,240,-0.3891524911931028
24,scene2,DG,EC,241,-0.6648017108805417
24,scene2,DG,EC,242,-0.6618408159104632
24,scene2,DG,EC,243,0.662999128784461
24,scene2,DG,EC,244,0.10298544172147929
24,scene2,DG,EC,245,-0.26907353956161056
24,scene2,DG,EC,246,-0.42245531452267965
24,scene2,DG,EC,247,1.4522736474323517
24,scene2,DG,EC,248,0.11196582829658921
24,scene2,DG,EC,249,1.0206299538413526
24,scene2,DG,EC,250,0.03984783532100413
24,scene2,DG,EC,251,0.15744541818940402
24,scene2,DG,EC,252,0.017320016522308572
24,scene2,DG,EC,253,-0.02143885044965209
